3
5 3
1 3 3 5
3 9 2 20 3 2
5 3 5 1 6
7 2 2 3 3 4
8 4 1 4 1 1 4
9 1 1 2 1 2 4
10 1 1 2 1 4 1 2
10 1 3 3 1 2 1 1 2 1 3
10 1 1 1 2 1 1 1 2 1 2 8
11 1 2 1 1 4 1 1 1 1 1 1 2 1 4
9 1 1 8 3 1 1 2 1 2 1 4 1 3
8 1 1 3 1 1 1 1 1 2 1 1 4 8
6 1 1 3 1 1 1 1 3 3 1 4
5 1 1 2 1 1 2 2 1 2 2 1 3
5 1 1 2 1 1 1 3 5 1 3
4 1 1 3 1 1 3 3 11
3 1 1 2 2 2 1 2 9
3 1 1 2 2 6 1 2 13
2 1 1 8 1 1 1 5 5
2 1 1 4 4 1 3 3 5
2 4 1 2 1 2 3 4
2 29 1 2 5 3
2 10 1 1 2 5 3
34 1 3 4
13 1 2 1 4 5
13 1 2 1 1 14
13 1 2 1 2 12
2 10 1 2 1 2 8
2 8 1 1 2 2 4
2 5 1 1 16 2
3 1 1 2 4 7
3 2 1 1 4 1 1
4 1 1 2 2 3 2 1 1
4 1 1 1 2 2 2 2 1 3
5 1 1 2 2 4 2 1 15 6
7 1 1 1 2 2 2 2 1 1 1 7
9 1 1 2 2 3 2 1 1 1 1 5
12 1 1 2 1 1 1 1 1 1 1 1 1 2 4
13 1 7 1 1 1 1 1 1 1 1 3 3
12 1 2 1 1 1 1 1 1 1 1 1 3 3
11 1 2 1 1 1 1 4
10 1 2 1 15 1 5
9 1 2 1 8
10 2 26
8 4 2 10
6 4 2 5
4 3 3 1
2 4










23
28
9 4 10
9 6 9
9 6 8
9 8 8
9 8 9
9 9 8
9 10 9
9 10 8
9 10 9
9 20 9
11 8 16
6 1 1 9
15 4 4
1 1 20
4 1 1
7 2 1 1
3 10 1 1 5
2 1 1 5 1 1 1 1 1
2 1 5 2 1 1 1 1
4 1 4 1 1 5
3 2 1 3 1 1 1 1 1
3 3 1 1 1 1 1
2 1 2 1 1 5
3 1 2 1 1 1 1 1 1
2 2 4 1 1 1 1 7
1 1 1 2 1 1 1 1 3 1
2 1 1 1 1 1 5 1
2 1 1 6 1 1 2 1 1
1 1 6 1 1 1 1 2 18
1 4 1 1 1 1 1 19
2 1 1 3 2 3 1 3
45
1 1 1
1 5 1 1
1 2 2 1 8 1
1 2 2 1 1 1 1
1 1 2 1 1 3 1 1
1 2 2 4 1 1 1 1
1 2 2 2 1 1 1 3 1 1
1 1 2 10 1 1 1 1
1 1 8 2 2 1 1 3 1 2
1 3 1 1 1 2 3 1 1 3
1 3 1 2 1 6 2 1 3 1 1 2
1 1 1 2 2 8 1 1 1 1 1
1 1 1 1 1 3 3 2 1 3 1 1 2
1 2 2 1 3 3 1 1 1 1 1
1 3 1 3 3 1 1 3 1 2 1
1 2 4 2 2 1 1 1 2 1
1 1 3 4 3 1 8 2 1
1 3 4 3 2 3
17 4 21
1 1 1 1 3 2 4 3 3 4
3 1 1 1 4 4 3 2 4
3 2 1 1 5 5 3 5
6 2 2 1 4 5 4 5
2 3 9 11 11
6 10 9 9
4 10 7 7
